% -------------------------------------------------------------------
%  Generated by MATLAB on 23-May-2020 22:44:20
%  MATLAB version: 9.7.0.1261785 (R2019b) Update 3
% -------------------------------------------------------------------
                                        

UR5_CB3Data = struct;
UR5_CB3Data.RigidTransform = struct;
UR5_CB3Data.RigidTransform(1).translation = ...
  [0 0 0];
UR5_CB3Data.RigidTransform(1).angle = 0;
UR5_CB3Data.RigidTransform(1).axis = ...
  [0 0 0];
UR5_CB3Data.RigidTransform(1).ID = 'RootGround[31320_Support_1]';
UR5_CB3Data.RigidTransform(2).translation = ...
  [-27.29999999999999 0 0];
UR5_CB3Data.RigidTransform(2).angle = 0.3343980682992832;
UR5_CB3Data.RigidTransform(2).axis = ...
  [1 0 0];
UR5_CB3Data.RigidTransform(2).ID = ['SixDofRigidTransform[33303_Support' ...
                                    '_2]'];
UR5_CB3Data.RigidTransform(3).translation = ...
  [-86.200000000000017 0 0];
UR5_CB3Data.RigidTransform(3).angle = 3.1415926535897931;
UR5_CB3Data.RigidTransform(3).axis = ...
  [1 0 0];
UR5_CB3Data.RigidTransform(3).ID = ['SixDofRigidTransform[31301_Support' ...
                                    '_3]'];
UR5_CB3Data.RigidTransform(4).translation = ...
  [-91.1846085902649 6.9388939039072284E-15 1.154175625426807E-15];
UR5_CB3Data.RigidTransform(4).angle = 3.1415926535897931;
UR5_CB3Data.RigidTransform(4).axis = ...
  [1 1.9428902930940239E-16 0];
UR5_CB3Data.RigidTransform(4).ID = ['SixDofRigidTransform[34311_Support' ...
                                    '_4]'];
UR5_CB3Data.RigidTransform(5).translation = ...
  [-86.200000000000031 134.2 -7.1745334391885166E-15];
UR5_CB3Data.RigidTransform(5).angle = 1.5707963267948968;
UR5_CB3Data.RigidTransform(5).axis = ...
  [7.63278329429795E-17 -7.63278329429795E-17 -1];
UR5_CB3Data.RigidTransform(5).ID = ['SixDofRigidTransform[31301_Support' ...
                                    '_5]'];
UR5_CB3Data.RigidTransform(6).translation = ...
  [-86.200000000000031 139.18460859026496 -7.4927016413574886E-15];
UR5_CB3Data.RigidTransform(6).angle = 1.5707963267948968;
UR5_CB3Data.RigidTransform(6).axis = ...
  [9.7132430627939561E-17 -9.7132430627939585E-17 -1];
UR5_CB3Data.RigidTransform(6).ID = ['SixDofRigidTransform[34311_Support' ...
                                    '_6]'];
UR5_CB3Data.RigidTransform(7).translation = ...
  [-86.200000000000031 75.299999999999983 -3.9049266316673427E-15];
UR5_CB3Data.RigidTransform(7).angle = 1.8147589229288577;
UR5_CB3Data.RigidTransform(7).axis = ...
  [0.44108394217965358 -0.44108394217965358 -0.78159446767650054];
UR5_CB3Data.RigidTransform(7).ID = ['SixDofRigidTransform[33303_Support' ...
                                    '_7]'];
UR5_CB3Data.RigidTransform(8).translation = ...
  [-451.2 134.2 -6.2893851487563578E-14];
UR5_CB3Data.RigidTransform(8).angle = 1.6808035545766684;
UR5_CB3Data.RigidTransform(8).axis = ...
  [0.31452338578263611 -0.31452338578263633 0.89562831553700561];
UR5_CB3Data.RigidTransform(8).ID = ['SixDofRigidTransform[31305_Support' ...
                                    '_8]'];
UR5_CB3Data.RigidTransform(9).translation = ...
  [-511.20000000000005 134.19999999999996 -9.5996720795132354E-14];
UR5_CB3Data.RigidTransform(9).angle = 3.1415926535897931;
UR5_CB3Data.RigidTransform(9).axis = ...
  [-0.70710678118654757 0.70710678118654746 -1.6194789747671478E-16];
UR5_CB3Data.RigidTransform(9).ID = ['SixDofRigidTransform[31301_Support' ...
                                    '_9]'];
UR5_CB3Data.RigidTransform(10).translation = ...
  [-511.20000000000005 139.18460859026487 -9.0370092236600155E-14];
UR5_CB3Data.RigidTransform(10).angle = 3.1415926535897931;
UR5_CB3Data.RigidTransform(10).axis = ...
  [-0.70710678118654757 0.70710678118654746 -1.1792455176425812E-16];
UR5_CB3Data.RigidTransform(10).ID = ...
  'SixDofRigidTransform[34311_Support_10]';
UR5_CB3Data.RigidTransform(11).translation = ...
  [-511.20000000000005 75.299999999999926 -1.00901131006414E-13];
UR5_CB3Data.RigidTransform(11).angle = 1.5984958512407097;
UR5_CB3Data.RigidTransform(11).axis = ...
  [0.16416329416000022 -0.16416329416000014 -0.97267714360987967];
UR5_CB3Data.RigidTransform(11).ID = ...
  'SixDofRigidTransform[33303_Support_11]';
UR5_CB3Data.RigidTransform(12).translation = ...
  [-511.20000000000005 15.249999999999906 -2.0808355039036996E-13];
UR5_CB3Data.RigidTransform(12).angle = 3.1415926535897909;
UR5_CB3Data.RigidTransform(12).axis = ...
  [-1 -2.2021785100056262E-16 -2.2204460492503151E-16];
UR5_CB3Data.RigidTransform(12).ID = ...
  'SixDofRigidTransform[31001_Support_12]';
UR5_CB3Data.RigidTransform(13).translation = ...
  [-701.45 15.250000000004455 -3.2991854031878433E-13];
UR5_CB3Data.RigidTransform(13).angle = 3.1415926535897927;
UR5_CB3Data.RigidTransform(13).axis = ...
  [0.70710678118654757 3.0233490358688262E-16 -0.70710678118654746];
UR5_CB3Data.RigidTransform(13).ID = ...
  'SixDofRigidTransform[31106_Support_13]';
UR5_CB3Data.RigidTransform(14).translation = ...
  [-903.44999999999982 15.250000000006853 -2.9045656358894268E-13];
UR5_CB3Data.RigidTransform(14).angle = 3.1415926535897931;
UR5_CB3Data.RigidTransform(14).axis = ...
  [1 0 0];
UR5_CB3Data.RigidTransform(14).ID = ...
  'SixDofRigidTransform[31101_Support_14]';
UR5_CB3Data.RigidTransform(15).translation = ...
  [-903.44999999937318 14.419472514006044 -3.6078890329485308E-13];
UR5_CB3Data.RigidTransform(15).angle = 3.1415926535897931;
UR5_CB3Data.RigidTransform(15).axis = ...
  [-1 1.3113184933459354E-11 -0];
UR5_CB3Data.RigidTransform(15).ID = ...
  'SixDofRigidTransform[34111_Support_15]';
UR5_CB3Data.RigidTransform(16).translation = ...
  [-903.44999999999982 110.00000000000666 -3.5870006215778826E-13];
UR5_CB3Data.RigidTransform(16).angle = 1.5707963267948968;
UR5_CB3Data.RigidTransform(16).axis = ...
  [-0 -0 -1];
UR5_CB3Data.RigidTransform(16).ID = ...
  'SixDofRigidTransform[31101_Support_16]';
UR5_CB3Data.RigidTransform(17).translation = ...
  [-902.6194725140017 110.00000000000421 -3.5565052069366956E-13];
UR5_CB3Data.RigidTransform(17).angle = 1.5707963267948968;
UR5_CB3Data.RigidTransform(17).axis = ...
  [6.4924730527940244E-17 -6.4924730527940244E-17 -1];
UR5_CB3Data.RigidTransform(17).ID = ...
  'SixDofRigidTransform[34111_Support_17]';
UR5_CB3Data.RigidTransform(18).translation = ...
  [-998.19999999999959 110.00000000000675 -4.873979957147E-13];
UR5_CB3Data.RigidTransform(18).angle = 3.1415926535897931;
UR5_CB3Data.RigidTransform(18).axis = ...
  [-1 5.5511151231257809E-17 -1.1161244221184909E-16];
UR5_CB3Data.RigidTransform(18).ID = ...
  'SixDofRigidTransform[31101_Support_18]';
UR5_CB3Data.RigidTransform(19).translation = ...
  [-998.199999999373 109.16947251400855 -4.8730233501071767E-13];
UR5_CB3Data.RigidTransform(19).angle = 3.1415926535897931;
UR5_CB3Data.RigidTransform(19).axis = ...
  [-1 1.3113399255360033E-11 -1.1161244221106767E-16];
UR5_CB3Data.RigidTransform(19).ID = ...
  'SixDofRigidTransform[34111_Support_19]';
UR5_CB3Data.RigidTransform(20).translation = ...
  [-903.4499999999997 63.750000000008285 -6.77619222951245E-13];
UR5_CB3Data.RigidTransform(20).angle = 1.652301987355705;
UR5_CB3Data.RigidTransform(20).axis = ...
  [-0.27438295153909931 -0.27438295153909947 0.92164417852519653];
UR5_CB3Data.RigidTransform(20).ID = ...
  'SixDofRigidTransform[33103_Support_20]';
UR5_CB3Data.RigidTransform(21).translation = ...
  [-951.94999999999993 110.00000000000725 -1.6841431484877548E-12];
UR5_CB3Data.RigidTransform(21).angle = 3.1415926535897931;
UR5_CB3Data.RigidTransform(21).axis = ...
  [0 0.83121877946981948 -0.55594544755461728];
UR5_CB3Data.RigidTransform(21).ID = ...
  'SixDofRigidTransform[33103_Support_21]';
UR5_CB3Data.RigidTransform(22).translation = ...
  [-998.20000000000027 158.50000000000358 -3.6485306314569687E-13];
